{
  "camera_angle_x": 0.763184905378744,
  "camera_angle_y": 0.7320155754782383,
  "fl_x": 1794.3460348486192,
  "fl_y": 1878.5347471371545,
  "k1": 0.00498959264729218,
  "k2": -1.997187740059055e-06,
  "k3": 0,
  "k4": 0,
  "p1": -0.004141434952848438,
  "p2": 0.044179168262743096,
  "is_fisheye": false,
  "cx": 767.6725094169816,
  "cy": 719.9055839710909,
  "w": 1440.0,
  "h": 1440.0,
  "aabb_scale": 16,
  "frames": [
    {
      "file_path": "./images/0008.jpg",
      "sharpness": 12.857077056920819,
      "transform_matrix": [
        [
          -0.29510371951204334,
          -0.027754242017938212,
          0.9550620381848974,
          3.8185179377277483
        ],
        [
          0.9033759676058404,
          -0.3336393212685921,
          0.269437681951999,
          1.246256749536165
        ],
        [
          0.3111682115557593,
          0.9422921549896259,
          0.12353071991995665,
          0.6047690712909344
        ],
        [
          0.0,
          0.0,
          0.0,
          1.0
        ]
      ]
    },
    {
      "file_path": "./images/0007.jpg",
      "sharpness": 13.742449227321288,
      "transform_matrix": [
        [
          -0.2446721128754008,
          -0.034178690481703675,
          0.9690032891067845,
          3.812520141991529
        ],
        [
          0.9255811271733133,
          -0.30595396436800876,
          0.22291646127664072,
          1.0292943892536663
        ],
        [
          0.28885140505460954,
          0.9514325981413687,
          0.10649355376588887,
          0.558072296213051
        ],
        [
          0.0,
          0.0,
          0.0,
          1.0
        ]
      ]
    },
    {
      "file_path": "./images/0004.jpg",
      "sharpness": 30.44582218635441,
      "transform_matrix": [
        [
          -0.05408263778357005,
          -0.03561326299915161,
          0.9979011793713083,
          4.000860363233918
        ],
        [
          0.9768211019217434,
          -0.209171071665164,
          0.04547524182299316,
          0.11806879816904813
        ],
        [
          0.20711253735803528,
          0.9772303506741219,
          0.046100310109528336,
          0.38646428690665585
        ],
        [
          0.0,
          0.0,
          0.0,
          1.0
        ]
      ]
    },
    {
      "file_path": "./images/0006.jpg",
      "sharpness": 30.188032885036804,
      "transform_matrix": [
        [
          -0.17980185270270943,
          -0.03443961737585086,
          0.9830997947926761,
          3.928677094940277
        ],
        [
          0.9472657026344723,
          -0.27554357929191775,
          0.16359530715592097,
          0.7783006954952464
        ],
        [
          0.2652526764753891,
          0.9606714571941931,
          0.08216671440902047,
          0.4917001251800883
        ],
        [
          0.0,
          0.0,
          0.0,
          1.0
        ]
      ]
    },
    {
      "file_path": "./images/0003.jpg",
      "sharpness": 37.8993969874578,
      "transform_matrix": [
        [
          0.0326687418580471,
          -0.033144742811118594,
          0.9989165026823414,
          4.089246635462907
        ],
        [
          0.9850218188722683,
          -0.16823625992952573,
          -0.03779652352420126,
          -0.20772058886017625
        ],
        [
          0.16930673244452327,
          0.9851893152438288,
          0.027152227903060544,
          0.3367200186997771
        ],
        [
          0.0,
          0.0,
          0.0,
          1.0
        ]
      ]
    },
    {
      "file_path": "./images/0001.jpg",
      "sharpness": 37.48288917472223,
      "transform_matrix": [
        [
          0.16393196078925454,
          -0.03336421929692735,
          0.9859072680045624,
          4.152462932538137
        ],
        [
          0.9792588916716589,
          -0.11513277701649352,
          -0.16672272412147818,
          -0.6190933382613982
        ],
        [
          0.11907281517547974,
          0.9927896416305411,
          0.013798266522773415,
          0.2698500408895752
        ],
        [
          0.0,
          0.0,
          0.0,
          1.0
        ]
      ]
    },
    {
      "file_path": "./images/0005.jpg",
      "sharpness": 31.999790575493687,
      "transform_matrix": [
        [
          -0.10339014740968595,
          -0.036493017694572964,
          0.9939711952968611,
          3.9999687119272442
        ],
        [
          0.9670308503064414,
          -0.23751134740079466,
          0.09186780944096748,
          0.48434148130410504
        ],
        [
          0.232726904277045,
          0.9706990365283401,
          0.05984620715067216,
          0.43458981732956226
        ],
        [
          0.0,
          0.0,
          0.0,
          1.0
        ]
      ]
    },
    {
      "file_path": "./images/0009.jpg",
      "sharpness": 9.09145541324531,
      "transform_matrix": [
        [
          -0.298611140536962,
          -0.025146607133111624,
          0.9540435183463231,
          3.8534879653725116
        ],
        [
          0.9003523213476003,
          -0.3389793129707414,
          0.2728712568628176,
          1.2649203338602482
        ],
        [
          0.3165392300989779,
          0.9404576936413043,
          0.12386380537094203,
          0.5990115900373276
        ],
        [
          0.0,
          0.0,
          0.0,
          1.0
        ]
      ]
    },
    {
      "file_path": "./images/0002.jpg",
      "sharpness": 41.895451881973834,
      "transform_matrix": [
        [
          0.1243989400998324,
          -0.032472689295980725,
          0.9917007755132838,
          4.129326904560706
        ],
        [
          0.9838885454881515,
          -0.12530547251493024,
          -0.12752203188093242,
          -0.46349509266261657
        ],
        [
          0.12840651758877644,
          0.9915866391846018,
          0.016361639069945106,
          0.2946550611267148
        ],
        [
          0.0,
          0.0,
          0.0,
          1.0
        ]
      ]
    },
    {
      "file_path": "./images/0011.jpg",
      "sharpness": 12.476222508390453,
      "transform_matrix": [
        [
          -0.052527563813086355,
          -0.043492587714442185,
          0.9976719149377149,
          4.163279448468264
        ],
        [
          0.9734801859510968,
          -0.22498571393544745,
          0.041445821087259783,
          0.004982847144209462
        ],
        [
          0.2226593420465721,
          0.9733908892837002,
          0.05415712382152653,
          0.28408588117219236
        ],
        [
          0.0,
          0.0,
          0.0,
          1.0
        ]
      ]
    },
    {
      "file_path": "./images/0010.jpg",
      "sharpness": 13.67389121333179,
      "transform_matrix": [
        [
          -0.180392820163132,
          -0.04165231241514472,
          0.982712325813504,
          3.9908367867797674
        ],
        [
          0.9473277912463274,
          -0.2761587919174231,
          0.16219240912905308,
          0.7895884975346085
        ],
        [
          0.26462895980261003,
          0.9602090431352907,
          0.0892754564073685,
          0.49531656458897877
        ],
        [
          0.0,
          0.0,
          0.0,
          1.0
        ]
      ]
    },
    {
      "file_path": "./images/0012.jpg",
      "sharpness": 17.552883329107793,
      "transform_matrix": [
        [
          0.19408545843988168,
          -0.025321712653707418,
          0.9806577617559489,
          4.1380875540984094
        ],
        [
          0.9766484743747799,
          -0.08890048133960413,
          -0.1955874789423493,
          -0.6398054139690524
        ],
        [
          0.09213355698996391,
          0.9957185924183604,
          0.007476121355476652,
          0.130825548637366
        ],
        [
          0.0,
          0.0,
          0.0,
          1.0
        ]
      ]
    },
    {
      "file_path": "./images/0013.jpg",
      "sharpness": 20.21871728542394,
      "transform_matrix": [
        [
          0.2801759992222758,
          0.008739183585965043,
          0.9599088686598188,
          3.9961986395347013
        ],
        [
          0.9597439001339618,
          -0.0232020701779447,
          -0.27991661275303303,
          -1.4435179062151413
        ],
        [
          0.019825630267466348,
          0.9996925980577496,
          -0.014888041334911853,
          0.07281362577099829
        ],
        [
          0.0,
          0.0,
          0.0,
          1.0
        ]
      ]
    },
    {
      "file_path": "./images/0016.jpg",
      "sharpness": 16.668661722204803,
      "transform_matrix": [
        [
          0.6767304829137905,
          0.029586173156408775,
          0.7356361273448652,
          2.898323355236785
        ],
        [
          0.6809541303090423,
          0.3547030979274041,
          -0.6406927381637632,
          -2.6861358274043656
        ],
        [
          -0.2798880596079089,
          0.9345107654169565,
          0.21989157194053452,
          0.9490436457430743
        ],
        [
          0.0,
          0.0,
          0.0,
          1.0
        ]
      ]
    },
    {
      "file_path": "./images/0014.jpg",
      "sharpness": 19.290789403889182,
      "transform_matrix": [
        [
          0.4566041558381079,
          0.05725677106888272,
          0.887825606208707,
          3.3891226254572424
        ],
        [
          0.882735368518371,
          0.09519784473505101,
          -0.46012567796696474,
          -1.9134327126947488
        ],
        [
          -0.11086439481792798,
          0.993810360444232,
          -0.007074845376806988,
          0.15368665956529973
        ],
        [
          0.0,
          0.0,
          0.0,
          1.0
        ]
      ]
    },
    {
      "file_path": "./images/0017.jpg",
      "sharpness": 16.046332455693886,
      "transform_matrix": [
        [
          0.7720655306825556,
          0.0602626594893937,
          0.6326794039676438,
          2.723283324689396
        ],
        [
          0.5142338222125327,
          0.5257542613667429,
          -0.6776031528464294,
          -2.6178452667317385
        ],
        [
          -0.3734680607838835,
          0.8484991859319799,
          0.3749276450848061,
          1.36510672001991
        ],
        [
          0.0,
          0.0,
          0.0,
          1.0
        ]
      ]
    },
    {
      "file_path": "./images/0018.jpg",
      "sharpness": 14.269565438376018,
      "transform_matrix": [
        [
          0.8314734721734871,
          0.06440048440044666,
          0.5518192119548544,
          2.109016213093181
        ],
        [
          0.3954045999271566,
          0.6291330470844634,
          -0.6692135768367864,
          -2.6052221201130337
        ],
        [
          -0.3902653807725494,
          0.7746251910932496,
          0.49764319134893115,
          1.6731441476166078
        ],
        [
          0.0,
          0.0,
          0.0,
          1.0
        ]
      ]
    },
    {
      "file_path": "./images/0015.jpg",
      "sharpness": 19.585973183379412,
      "transform_matrix": [
        [
          0.5813835860792929,
          0.08107877835383347,
          0.8095797413102399,
          3.1594080155810205
        ],
        [
          0.7763196333375358,
          0.24258004379856177,
          -0.5817927029839609,
          -2.313563849716376
        ],
        [
          -0.24355893071858056,
          0.966737375947043,
          0.07808900829177638,
          0.5617681516957937
        ],
        [
          0.0,
          0.0,
          0.0,
          1.0
        ]
      ]
    },
    {
      "file_path": "./images/0020.jpg",
      "sharpness": 13.05672637607253,
      "transform_matrix": [
        [
          0.9001154496624593,
          0.22165022368418205,
          0.3750511373418623,
          1.3724448649030982
        ],
        [
          0.08180231155533636,
          0.7595933705179322,
          -0.6452335184175055,
          -2.3812257406919106
        ],
        [
          -0.4279025112158611,
          0.611464708553686,
          0.6655902276102481,
          2.220463941754388
        ],
        [
          0.0,
          0.0,
          0.0,
          1.0
        ]
      ]
    },
    {
      "file_path": "./images/0021.jpg",
      "sharpness": 23.141219925086308,
      "transform_matrix": [
        [
          0.9190561762910232,
          0.28540675686912365,
          0.27180641632694424,
          0.9177185370780023
        ],
        [
          -0.05360341563573363,
          0.7737507861467057,
          -0.6312181831740588,
          -2.2764921354202423
        ],
        [
          -0.3904643628492204,
          0.5655552175264846,
          0.7264192159318671,
          2.399548820436834
        ],
        [
          0.0,
          0.0,
          0.0,
          1.0
        ]
      ]
    },
    {
      "file_path": "./images/0019.jpg",
      "sharpness": 16.701485821003644,
      "transform_matrix": [
        [
          0.8823142514216704,
          0.12779262225615753,
          0.45297969870275195,
          1.7143898523902479
        ],
        [
          0.23567284873187447,
          0.7131309875055408,
          -0.6602291291892516,
          -2.458218912067916
        ],
        [
          -0.4074062715648498,
          0.6892845858983795,
          0.5990883820725226,
          1.9676555313187167
        ],
        [
          0.0,
          0.0,
          0.0,
          1.0
        ]
      ]
    },
    {
      "file_path": "./images/0031.jpg",
      "sharpness": 23.537939677640594,
      "transform_matrix": [
        [
          0.7196039323315393,
          -0.020282012612075073,
          0.6940884817796018,
          2.8739219122226203
        ],
        [
          0.594267759062092,
          0.5350426125561349,
          -0.6004791697373415,
          -2.0509280996286643
        ],
        [
          -0.35918798854257833,
          0.8445815784841424,
          0.3970717141445819,
          1.4777200186397728
        ],
        [
          0.0,
          0.0,
          0.0,
          1.0
        ]
      ]
    },
    {
      "file_path": "./images/0033.jpg",
      "sharpness": 19.464474717262135,
      "transform_matrix": [
        [
          0.11868573653012238,
          -0.24948029020823823,
          0.9610792270898582,
          3.7775011922923567
        ],
        [
          0.9897153827786559,
          -0.04812163256763922,
          -0.13471365769789517,
          -0.6876175835563765
        ],
        [
          0.07985710385189297,
          0.9671834848043954,
          0.24120312951485445,
          0.4882394689182297
        ],
        [
          0.0,
          0.0,
          0.0,
          1.0
        ]
      ]
    },
    {
      "file_path": "./images/0032.jpg",
      "sharpness": 24.35573593217302,
      "transform_matrix": [
        [
          0.3685398224489664,
          -0.23096840846456806,
          0.900462100014405,
          3.2471132256787367
        ],
        [
          0.9273633012791849,
          0.15867758572471627,
          -0.33884912753195773,
          -1.5259270303457138
        ],
        [
          -0.06461970837123006,
          0.9599349030437611,
          0.27267063503451855,
          1.0121698391786453
        ],
        [
          0.0,
          0.0,
          0.0,
          1.0
        ]
      ]
    },
    {
      "file_path": "./images/0034.jpg",
      "sharpness": 15.11388814704428,
      "transform_matrix": [
        [
          -0.15937621739937677,
          -0.12569179544369738,
          0.9791837385737827,
          4.1138594915817475
        ],
        [
          0.9574952783680128,
          -0.26123215311996,
          0.12231334383170696,
          0.47167476104537787
        ],
        [
          0.24042049253475167,
          0.9570576444165027,
          0.16198349309429233,
          0.2705892212085896
        ],
        [
          0.0,
          0.0,
          0.0,
          1.0
        ]
      ]
    },
    {
      "file_path": "./images/0035.jpg",
      "sharpness": 12.618618339319958,
      "transform_matrix": [
        [
          -0.24953553007502505,
          -0.027358800597543836,
          0.9679790882357757,
          4.431957183853914
        ],
        [
          0.9173711234669967,
          -0.3267815918271174,
          0.2272531915548327,
          1.4141283095608175
        ],
        [
          0.3101003725561444,
          0.9447038092832891,
          0.10664179137621851,
          0.3308761589478739
        ],
        [
          0.0,
          0.0,
          0.0,
          1.0
        ]
      ]
    },
    {
      "file_path": "./images/0036.jpg",
      "sharpness": 11.614787612651305,
      "transform_matrix": [
        [
          -0.3901703916716096,
          0.03359071772579731,
          0.9201297349543769,
          4.226584335031182
        ],
        [
          0.8474235331578499,
          -0.3776885766172801,
          0.37312825481743045,
          2.077324989477979
        ],
        [
          0.3600561357812455,
          0.9253231882844952,
          0.11889733517215374,
          0.44811339780734794
        ],
        [
          0.0,
          0.0,
          0.0,
          1.0
        ]
      ]
    },
    {
      "file_path": "./images/0037.jpg",
      "sharpness": 14.26965372482367,
      "transform_matrix": [
        [
          -0.5008871891013466,
          0.03989924339122584,
          0.8645924324053983,
          3.508459324747703
        ],
        [
          0.7905138261115051,
          -0.3856583429768521,
          0.47576836088470614,
          2.2966949080976393
        ],
        [
          0.35242008246057543,
          0.9217785487147395,
          0.16163041981500637,
          0.8725040339791869
        ],
        [
          0.0,
          0.0,
          0.0,
          1.0
        ]
      ]
    },
    {
      "file_path": "./images/0059.jpg",
      "sharpness": 10.241561527273944,
      "transform_matrix": [
        [
          -0.5301404746282182,
          0.047191392644814915,
          0.8465955643770724,
          2.718862894827739
        ],
        [
          0.6154624312991409,
          -0.6653611761645501,
          0.422493196291134,
          1.2065416664492692
        ],
        [
          0.5832298627655578,
          0.7450285079875563,
          0.323690360477494,
          0.7508201185725893
        ],
        [
          0.0,
          0.0,
          0.0,
          1.0
        ]
      ]
    }
  ]
}