{
  "camera_angle_x": 0.5628262722430035,
  "camera_angle_y": 0.9471502490718223,
  "fl_x": 1867.963139439404,
  "fl_y": 1873.2741339129773,
  "k1": 0.11628249026230958,
  "k2": -0.2711327011750963,
  "k3": 0,
  "k4": 0,
  "p1": 0.0004948787039937119,
  "p2": -0.0006262146664852209,
  "is_fisheye": false,
  "cx": 558.3591048616365,
  "cy": 935.5214252864545,
  "w": 1080.0,
  "h": 1920.0,
  "aabb_scale": 16,
  "frames": [
    {
      "file_path": "./images/0006.jpg",
      "sharpness": 45.67637343803209,
      "transform_matrix": [
        [
          0.18803339212857254,
          -0.4826267524857616,
          0.8554033325242751,
          5.318639498245804
        ],
        [
          0.9818835542811372,
          0.07161095526778044,
          -0.1754324853554287,
          -0.7145614430816327
        ],
        [
          0.023412160906290315,
          0.8728936297937919,
          0.48734852195445066,
          2.2276760405117786
        ],
        [
          0.0,
          0.0,
          0.0,
          1.0
        ]
      ]
    },
    {
      "file_path": "./images/0007.jpg",
      "sharpness": 54.60679523010927,
      "transform_matrix": [
        [
          0.28217401611811976,
          -0.4777888737883667,
          0.8319228430424187,
          5.1004079880933
        ],
        [
          0.9593631916253604,
          0.1402573460582124,
          -0.2448471838335383,
          -1.137038348574741
        ],
        [
          0.0003019701237470651,
          0.8672056670847398,
          0.4979500375080087,
          2.218906560106234
        ],
        [
          0.0,
          0.0,
          0.0,
          1.0
        ]
      ]
    },
    {
      "file_path": "./images/0001.jpg",
      "sharpness": 56.827340823601936,
      "transform_matrix": [
        [
          0.013834412658925486,
          -0.471307422382397,
          0.8818604893618996,
          6.047170435258544
        ],
        [
          0.9994394849432725,
          -0.02037066067941397,
          -0.02656599555664662,
          -0.1087663917939991
        ],
        [
          0.030484831684198545,
          0.8817337182249052,
          0.47076143134983034,
          2.3383853071846725
        ],
        [
          0.0,
          0.0,
          0.0,
          1.0
        ]
      ]
    },
    {
      "file_path": "./images/0008.jpg",
      "sharpness": 61.600787833512825,
      "transform_matrix": [
        [
          0.2977625340326686,
          -0.4925878624614977,
          0.8177375319416507,
          4.908470405938098
        ],
        [
          0.9546384842445581,
          0.1521317018001221,
          -0.25597130641295945,
          -1.463804638728525
        ],
        [
          0.0016845563173217264,
          0.856862382839839,
          0.5155424514122176,
          2.2068841629570506
        ],
        [
          0.0,
          0.0,
          0.0,
          1.0
        ]
      ]
    },
    {
      "file_path": "./images/0005.jpg",
      "sharpness": 30.757958609622094,
      "transform_matrix": [
        [
          0.12011729980560631,
          -0.47775027827813243,
          0.8702450838450871,
          5.415705679450683
        ],
        [
          0.9927011598662198,
          0.04828125409337302,
          -0.11051392538290729,
          -0.5444314653479987
        ],
        [
          0.01078153458865938,
          0.8771679384088069,
          0.4800626692460357,
          2.2374235269098297
        ],
        [
          0.0,
          0.0,
          0.0,
          1.0
        ]
      ]
    },
    {
      "file_path": "./images/0004.jpg",
      "sharpness": 59.44434069882618,
      "transform_matrix": [
        [
          0.07833548671066332,
          -0.4713328643821775,
          0.8784696252797026,
          5.6988829092879545
        ],
        [
          0.9968497029267985,
          0.026056315781646716,
          -0.07491153571210625,
          -0.4514521056013743
        ],
        [
          0.012418586741582038,
          0.8815704166005389,
          0.4718891600176527,
          2.2566918399584446
        ],
        [
          0.0,
          0.0,
          0.0,
          1.0
        ]
      ]
    },
    {
      "file_path": "./images/0003.jpg",
      "sharpness": 58.38263788177998,
      "transform_matrix": [
        [
          0.04848620022873843,
          -0.47089284831952716,
          0.8808569769564564,
          5.964482945047959
        ],
        [
          0.9983146040176948,
          -0.005310624380113515,
          -0.057790558690777184,
          -0.3994126215549583
        ],
        [
          0.03189106132509492,
          0.8821744287465202,
          0.46984171540783937,
          2.2937936366171794
        ],
        [
          0.0,
          0.0,
          0.0,
          1.0
        ]
      ]
    },
    {
      "file_path": "./images/0002.jpg",
      "sharpness": 64.021595199137,
      "transform_matrix": [
        [
          0.024970934995806843,
          -0.4708333990365331,
          0.8818686766299763,
          6.020261972066003
        ],
        [
          0.9991241977942289,
          -0.017873152643706806,
          -0.03783368600491998,
          -0.2327146481673843
        ],
        [
          0.033575136448888675,
          0.882041076611664,
          0.46997473277427004,
          2.324977670371924
        ],
        [
          0.0,
          0.0,
          0.0,
          1.0
        ]
      ]
    },
    {
      "file_path": "./images/0009.jpg",
      "sharpness": 47.26979310326713,
      "transform_matrix": [
        [
          0.31656656763219165,
          -0.49942837399372253,
          0.8064470891332706,
          4.829663385981526
        ],
        [
          0.9485480420258868,
          0.1608467522494583,
          -0.2727360156997297,
          -1.5657380195658537
        ],
        [
          0.006497709702326396,
          0.8512929117545829,
          0.5246505105583144,
          2.16909238878535
        ],
        [
          0.0,
          0.0,
          0.0,
          1.0
        ]
      ]
    },
    {
      "file_path": "./images/0010.jpg",
      "sharpness": 46.708447138497746,
      "transform_matrix": [
        [
          0.46431560365660096,
          -0.4635341142703938,
          0.7546834734990115,
          4.456245800504767
        ],
        [
          0.885288777241279,
          0.2678973495432452,
          -0.3801247045358284,
          -2.139509010061543
        ],
        [
          -0.02597693406516477,
          0.8446106411094816,
          0.5347504688032315,
          2.1361830290983947
        ],
        [
          0.0,
          0.0,
          0.0,
          1.0
        ]
      ]
    },
    {
      "file_path": "./images/0012.jpg",
      "sharpness": 33.647195516149374,
      "transform_matrix": [
        [
          0.6024654826233428,
          -0.4291924620279156,
          0.6729258301252856,
          3.869425887721474
        ],
        [
          0.7981180959569125,
          0.3308719493484725,
          -0.5035188755553857,
          -3.0085033160549135
        ],
        [
          -0.006545775303348544,
          0.8404270246312562,
          0.5418851992435332,
          2.072063939394139
        ],
        [
          0.0,
          0.0,
          0.0,
          1.0
        ]
      ]
    },
    {
      "file_path": "./images/0011.jpg",
      "sharpness": 47.94131702433558,
      "transform_matrix": [
        [
          0.5079351053427527,
          -0.46437580399442985,
          0.7255046805424065,
          4.265949815558387
        ],
        [
          0.8613829842853797,
          0.2783332558026086,
          -0.42491170035436654,
          -2.404727613153619
        ],
        [
          -0.004613367356700192,
          0.8407649561194923,
          0.5413806474811339,
          2.1147281832667937
        ],
        [
          0.0,
          0.0,
          0.0,
          1.0
        ]
      ]
    },
    {
      "file_path": "./images/0014.jpg",
      "sharpness": 16.56298803922946,
      "transform_matrix": [
        [
          0.7538819827023661,
          -0.3622432917062034,
          0.5481256733948607,
          3.0461721915500317
        ],
        [
          0.6569265597271379,
          0.40231662002760044,
          -0.6376431857824093,
          -3.558126234574473
        ],
        [
          0.010461898281277398,
          0.8407860220757026,
          0.5412664905853121,
          2.021775500365471
        ],
        [
          0.0,
          0.0,
          0.0,
          1.0
        ]
      ]
    },
    {
      "file_path": "./images/0013.jpg",
      "sharpness": 28.49568791223613,
      "transform_matrix": [
        [
          0.6929823374246726,
          -0.40101476106864953,
          0.5991349109227877,
          3.501996757076075
        ],
        [
          0.7207734282571351,
          0.3667317013108459,
          -0.588212142319601,
          -3.421595458594574
        ],
        [
          0.01615998651253727,
          0.8394611490205621,
          0.5431793756992837,
          2.0443995970907936
        ],
        [
          0.0,
          0.0,
          0.0,
          1.0
        ]
      ]
    },
    {
      "file_path": "./images/0015.jpg",
      "sharpness": 45.879191811591674,
      "transform_matrix": [
        [
          0.8000146652071023,
          -0.3495646739975016,
          0.4876280080251275,
          2.6621612213107304
        ],
        [
          0.5988618356597849,
          0.41563486984530995,
          -0.684552523009718,
          -3.7663877766190064
        ],
        [
          0.03662017589160755,
          0.8396738615173494,
          0.5418549335996513,
          2.035941723466591
        ],
        [
          0.0,
          0.0,
          0.0,
          1.0
        ]
      ]
    },
    {
      "file_path": "./images/0016.jpg",
      "sharpness": 45.894541859385576,
      "transform_matrix": [
        [
          0.8915706390820431,
          -0.2447079836626234,
          0.3810771553407206,
          2.164065975416757
        ],
        [
          0.4528801218274755,
          0.4795543375222217,
          -0.7516164132170478,
          -4.178067494556244
        ],
        [
          0.0011793341918048153,
          0.8427013944128495,
          0.5383799486325379,
          2.0088014228020046
        ],
        [
          0.0,
          0.0,
          0.0,
          1.0
        ]
      ]
    },
    {
      "file_path": "./images/0017.jpg",
      "sharpness": 50.51780836464632,
      "transform_matrix": [
        [
          0.9348376036414057,
          -0.20469184268366908,
          0.29013773353482275,
          1.6656619102372296
        ],
        [
          0.35467863036387015,
          0.4996816278008297,
          -0.790266625893836,
          -4.429626589827869
        ],
        [
          0.016784636886491327,
          0.8416766127353813,
          0.539720997926665,
          1.9866576473177835
        ],
        [
          0.0,
          0.0,
          0.0,
          1.0
        ]
      ]
    },
    {
      "file_path": "./images/0020.jpg",
      "sharpness": 54.08962527819759,
      "transform_matrix": [
        [
          0.999608330960271,
          0.021361982433999952,
          0.018079005649548657,
          0.2079238659172497
        ],
        [
          0.003991185814899387,
          0.5305910894717109,
          -0.8476185263484508,
          -4.258487180221433
        ],
        [
          -0.027699371374747945,
          0.8473586970850756,
          0.53029801372794,
          1.9527177175882233
        ],
        [
          0.0,
          0.0,
          0.0,
          1.0
        ]
      ]
    },
    {
      "file_path": "./images/0018.jpg",
      "sharpness": 36.233222895277606,
      "transform_matrix": [
        [
          0.9706659727158922,
          -0.12104606529149545,
          0.20773882533826937,
          1.1038855649259502
        ],
        [
          0.2402423434472482,
          0.5226144390556552,
          -0.8180206381905185,
          -4.401674314388652
        ],
        [
          -0.009549130094040126,
          0.8439324606951187,
          0.5363644432320253,
          1.9312479735861532
        ],
        [
          0.0,
          0.0,
          0.0,
          1.0
        ]
      ]
    },
    {
      "file_path": "./images/0021.jpg",
      "sharpness": 39.92395862257331,
      "transform_matrix": [
        [
          0.9942229809157801,
          0.07315006285716062,
          -0.07854764533008016,
          -0.44371406242437755
        ],
        [
          -0.10548583384808868,
          0.5306788901117235,
          -0.8409831475405845,
          -4.219554481528668
        ],
        [
          -0.01983439285975016,
          0.8444104357121822,
          0.535329443412483,
          1.9632753195880128
        ],
        [
          0.0,
          0.0,
          0.0,
          1.0
        ]
      ]
    },
    {
      "file_path": "./images/0019.jpg",
      "sharpness": 59.61103153376444,
      "transform_matrix": [
        [
          0.9830140591783226,
          -0.10466146287622125,
          0.1507625209073266,
          0.7351098056250222
        ],
        [
          0.18334094830062087,
          0.5227012035912915,
          -0.832568044330642,
          -4.357919632457758
        ],
        [
          0.008334038328922752,
          0.8460670363509637,
          0.5330113637339269,
          1.965742292333512
        ],
        [
          0.0,
          0.0,
          0.0,
          1.0
        ]
      ]
    },
    {
      "file_path": "./images/0022.jpg",
      "sharpness": 44.55405522014941,
      "transform_matrix": [
        [
          0.9854584846840615,
          0.07560832401016823,
          -0.15216752731293384,
          -0.8470499476560417
        ],
        [
          -0.16897845280851473,
          0.5300479915489964,
          -0.8309605340456433,
          -4.104852523387715
        ],
        [
          0.017828558933412196,
          0.8445901420459154,
          0.5351164681723876,
          1.949085592022326
        ],
        [
          0.0,
          0.0,
          0.0,
          1.0
        ]
      ]
    },
    {
      "file_path": "./images/0023.jpg",
      "sharpness": 46.20115209773376,
      "transform_matrix": [
        [
          0.9450571794668332,
          0.1861840864428289,
          -0.26870506797901733,
          -1.1209208011697667
        ],
        [
          -0.3266357623805709,
          0.5044425710688756,
          -0.7992789070328272,
          -3.790098164597219
        ],
        [
          -0.013266737768357219,
          0.8431329542226267,
          0.5375414544357329,
          1.9029660736675225
        ],
        [
          0.0,
          0.0,
          0.0,
          1.0
        ]
      ]
    },
    {
      "file_path": "./images/0024.jpg",
      "sharpness": 43.58775317837694,
      "transform_matrix": [
        [
          0.9150855851753554,
          0.20515269203004635,
          -0.34717538049387536,
          -1.4238572030750662
        ],
        [
          -0.4029164971006776,
          0.5006514126807255,
          -0.7661634677697827,
          -3.5559149671577632
        ],
        [
          0.01663334674418045,
          0.8409878334322788,
          0.5407982949853308,
          1.9378923818674172
        ],
        [
          0.0,
          0.0,
          0.0,
          1.0
        ]
      ]
    },
    {
      "file_path": "./images/0025.jpg",
      "sharpness": 40.0257275845135,
      "transform_matrix": [
        [
          0.8398098608831542,
          0.2827567991723778,
          -0.46343067458809223,
          -1.8749118709139139
        ],
        [
          -0.5426635983525302,
          0.46137284708155996,
          -0.7018912415745369,
          -3.25902717569664
        ],
        [
          0.015349808924893779,
          0.8409421434007313,
          0.540907288620356,
          1.9488864099710028
        ],
        [
          0.0,
          0.0,
          0.0,
          1.0
        ]
      ]
    },
    {
      "file_path": "./images/0026.jpg",
      "sharpness": 38.81649836033952,
      "transform_matrix": [
        [
          0.775322384687586,
          0.3321751461558834,
          -0.5371544211329157,
          -2.350859374303116
        ],
        [
          -0.6313281349196807,
          0.43095585091471555,
          -0.6447494401868965,
          -2.948968454021984
        ],
        [
          0.017320101103930747,
          0.8390093723493952,
          0.5438412335155317,
          1.9691803108587522
        ],
        [
          0.0,
          0.0,
          0.0,
          1.0
        ]
      ]
    },
    {
      "file_path": "./images/0030.jpg",
      "sharpness": 30.271736513228447,
      "transform_matrix": [
        [
          0.4012162006135835,
          0.5047421135562765,
          -0.7643696482932254,
          -3.4247830833695847
        ],
        [
          -0.9159616678502696,
          0.22682651325767797,
          -0.33100446509438847,
          -1.407655680765137
        ],
        [
          0.006307408854043474,
          0.8329376517760889,
          0.5533309000149496,
          1.977827997821114
        ],
        [
          0.0,
          0.0,
          0.0,
          1.0
        ]
      ]
    },
    {
      "file_path": "./images/0029.jpg",
      "sharpness": 30.860369870529333,
      "transform_matrix": [
        [
          0.5375432796982033,
          0.45528673919994184,
          -0.709761373719329,
          -3.1407859594036167
        ],
        [
          -0.8428753269391618,
          0.314731700606458,
          -0.43646894490979965,
          -1.876785384554487
        ],
        [
          0.02466588148543843,
          0.8328612980556963,
          0.5529318697232042,
          1.9611261241103957
        ],
        [
          0.0,
          0.0,
          0.0,
          1.0
        ]
      ]
    },
    {
      "file_path": "./images/0028.jpg",
      "sharpness": 27.672590536913475,
      "transform_matrix": [
        [
          0.606107385634294,
          0.42573022078262124,
          -0.6718538652533796,
          -2.9078204799810847
        ],
        [
          -0.7951420895077944,
          0.3451027678718852,
          -0.4986513181577355,
          -2.2967317552071838
        ],
        [
          0.01956769273152814,
          0.8364555330531409,
          0.5476853537296955,
          1.909573935033206
        ],
        [
          0.0,
          0.0,
          0.0,
          1.0
        ]
      ]
    },
    {
      "file_path": "./images/0027.jpg",
      "sharpness": 37.51441680680263,
      "transform_matrix": [
        [
          0.6874259058074141,
          0.38373321500058066,
          -0.6165990948697057,
          -2.6999708638955515
        ],
        [
          -0.725891519921261,
          0.3898756620725029,
          -0.5666378644513926,
          -2.6930917192364414
        ],
        [
          0.02295921087863624,
          0.8371056013923218,
          0.5465593168334989,
          1.9523998644448057
        ],
        [
          0.0,
          0.0,
          0.0,
          1.0
        ]
      ]
    },
    {
      "file_path": "./images/0031.jpg",
      "sharpness": 27.689239674268343,
      "transform_matrix": [
        [
          0.23769460247973412,
          0.5472463415599388,
          -0.8025102601619675,
          -3.8545405305964224
        ],
        [
          -0.9710080101763441,
          0.11227275266907472,
          -0.211040927740546,
          -0.8386074351246335
        ],
        [
          -0.02539133967186989,
          0.8294071802922165,
          0.5580672085093819,
          2.0063148853096275
        ],
        [
          0.0,
          0.0,
          0.0,
          1.0
        ]
      ]
    },
    {
      "file_path": "./images/0033.jpg",
      "sharpness": 26.402375661237215,
      "transform_matrix": [
        [
          0.06535502786273727,
          0.5593805968776073,
          -0.826330483664906,
          -3.8572559478840582
        ],
        [
          -0.9972844009442223,
          0.06478899621041823,
          -0.03501727578603039,
          0.2151159462984089
        ],
        [
          0.0339491379445012,
          0.8263750564183789,
          0.5620958301094373,
          1.9674482783822707
        ],
        [
          0.0,
          0.0,
          0.0,
          1.0
        ]
      ]
    },
    {
      "file_path": "./images/0034.jpg",
      "sharpness": 31.616077659212504,
      "transform_matrix": [
        [
          -0.041874739361871506,
          0.5636232845989204,
          -0.8249698778290426,
          -3.815602616484722
        ],
        [
          -0.9985833012516894,
          0.00352289933200915,
          0.05309406409081892,
          0.7537323866486665
        ],
        [
          0.03283133662710456,
          0.8260244441311939,
          0.5626772797057843,
          1.9882890213165163
        ],
        [
          0.0,
          0.0,
          0.0,
          1.0
        ]
      ]
    },
    {
      "file_path": "./images/0037.jpg",
      "sharpness": 9.766262476657621,
      "transform_matrix": [
        [
          -0.3848514834258232,
          0.5557266813387878,
          -0.7369241422406287,
          -3.155530440912134
        ],
        [
          -0.9200684507736845,
          -0.1676372392979792,
          0.3540788074589745,
          1.9070738107639558
        ],
        [
          0.07323511182432117,
          0.8142884081892946,
          0.5758220269742168,
          2.0758859214843253
        ],
        [
          0.0,
          0.0,
          0.0,
          1.0
        ]
      ]
    },
    {
      "file_path": "./images/0032.jpg",
      "sharpness": 37.64822335039842,
      "transform_matrix": [
        [
          0.14498391644836883,
          0.5493554658944952,
          -0.82291447680005,
          -3.9111467642171256
        ],
        [
          -0.9892293821129791,
          0.09739580200529288,
          -0.10926704588404235,
          -0.307594828354406
        ],
        [
          0.020121966551163578,
          0.8298931436677511,
          0.5575593929075562,
          1.9661067570345812
        ],
        [
          0.0,
          0.0,
          0.0,
          1.0
        ]
      ]
    },
    {
      "file_path": "./images/0036.jpg",
      "sharpness": 28.669114506707764,
      "transform_matrix": [
        [
          -0.34583718959291504,
          0.5543790715431948,
          -0.7570075847660607,
          -3.3228657661421597
        ],
        [
          -0.9356407661379799,
          -0.14311942651676662,
          0.32263475710833,
          1.6828004314943128
        ],
        [
          0.07051946569271898,
          0.8198662542461169,
          0.5681956794722456,
          2.0018738780834338
        ],
        [
          0.0,
          0.0,
          0.0,
          1.0
        ]
      ]
    },
    {
      "file_path": "./images/0038.jpg",
      "sharpness": 18.553579724606465,
      "transform_matrix": [
        [
          -0.5524396605907255,
          0.499563582974696,
          -0.6672680481154877,
          -2.7989647885946773
        ],
        [
          -0.8331269199032565,
          -0.30532925473763517,
          0.4611654600400797,
          2.3142093646765867
        ],
        [
          0.026645013720457928,
          0.8106850638970222,
          0.584875859035222,
          2.098592832230882
        ],
        [
          0.0,
          0.0,
          0.0,
          1.0
        ]
      ]
    },
    {
      "file_path": "./images/0035.jpg",
      "sharpness": 22.867206288446013,
      "transform_matrix": [
        [
          -0.23335146805829865,
          0.5570974030496226,
          -0.7969878141693066,
          -3.7105376408440685
        ],
        [
          -0.9718236481637049,
          -0.10558207603481522,
          0.21073970221596056,
          1.3020099514995915
        ],
        [
          0.03325491282951752,
          0.8237080239982953,
          0.5660381630575773,
          2.020888544363118
        ],
        [
          0.0,
          0.0,
          0.0,
          1.0
        ]
      ]
    },
    {
      "file_path": "./images/0039.jpg",
      "sharpness": 13.788465469405471,
      "transform_matrix": [
        [
          -0.6680129585032544,
          0.46199454644170246,
          -0.5833692881818687,
          -2.4452088868950645
        ],
        [
          -0.7433750401530866,
          -0.378534787536953,
          0.5514571282537345,
          2.892769869050558
        ],
        [
          0.03394461629212047,
          0.8020426757587605,
          0.5963013578305686,
          2.185468335164635
        ],
        [
          0.0,
          0.0,
          0.0,
          1.0
        ]
      ]
    },
    {
      "file_path": "./images/0041.jpg",
      "sharpness": 19.413322713114752,
      "transform_matrix": [
        [
          -0.8072637883384681,
          0.3947811933334603,
          -0.438717432399944,
          -1.6372908317643973
        ],
        [
          -0.5868367978045274,
          -0.4577774693178693,
          0.6678790020112636,
          3.3065470040231113
        ],
        [
          0.06283111346668757,
          0.7966100664859352,
          0.6012193054267978,
          2.1433066202824516
        ],
        [
          0.0,
          0.0,
          0.0,
          1.0
        ]
      ]
    },
    {
      "file_path": "./images/0040.jpg",
      "sharpness": 18.885283047730244,
      "transform_matrix": [
        [
          -0.7360984792509926,
          0.447267289237621,
          -0.5080462586087727,
          -2.137434373232907
        ],
        [
          -0.6733946813086021,
          -0.40789061810574295,
          0.6165750942478188,
          3.141680560738832
        ],
        [
          0.06854656856541005,
          0.7959756376257391,
          0.6014350773843148,
          2.186851096145553
        ],
        [
          0.0,
          0.0,
          0.0,
          1.0
        ]
      ]
    },
    {
      "file_path": "./images/0044.jpg",
      "sharpness": 45.429646020280806,
      "transform_matrix": [
        [
          -0.9825784078630068,
          0.15936635886926248,
          -0.095613995451073,
          -0.21730368066559558
        ],
        [
          -0.17218715147522834,
          -0.5870284420647656,
          0.7910431044348764,
          3.7852660291410976
        ],
        [
          0.06993752447319292,
          0.7937253756245166,
          0.604242311348976,
          2.243823379298389
        ],
        [
          0.0,
          0.0,
          0.0,
          1.0
        ]
      ]
    },
    {
      "file_path": "./images/0045.jpg",
      "sharpness": 57.694330150460836,
      "transform_matrix": [
        [
          -0.9904068441996549,
          0.13155458608344786,
          -0.04228089292882066,
          0.12085450372041473
        ],
        [
          -0.11476913436144343,
          -0.6127366986991534,
          0.7819090636802293,
          3.482652063371557
        ],
        [
          0.0769566684760907,
          0.7792606296921127,
          0.6219570260500189,
          2.2892509097725413
        ],
        [
          0.0,
          0.0,
          0.0,
          1.0
        ]
      ]
    },
    {
      "file_path": "./images/0046.jpg",
      "sharpness": 15.818985694060572,
      "transform_matrix": [
        [
          -0.996264144680784,
          0.050795378974303584,
          0.06983969904207896,
          0.35554491591252424
        ],
        [
          0.018433077278179406,
          -0.6650025221825282,
          0.7466135996303834,
          3.1396422103555217
        ],
        [
          0.08436809675204547,
          0.7451117198123328,
          0.6615818538267328,
          2.4404051090094274
        ],
        [
          0.0,
          0.0,
          0.0,
          1.0
        ]
      ]
    },
    {
      "file_path": "./images/0042.jpg",
      "sharpness": 29.37150359979509,
      "transform_matrix": [
        [
          -0.8714353443983718,
          0.3388716684793956,
          -0.35463563399529946,
          -1.17024145640057
        ],
        [
          -0.4860223729157258,
          -0.4989481995985157,
          0.7175186040395557,
          3.4746065901300804
        ],
        [
          0.06620191542045818,
          0.797631924178317,
          0.5995003085823469,
          2.179035911898133
        ],
        [
          0.0,
          0.0,
          0.0,
          1.0
        ]
      ]
    },
    {
      "file_path": "./images/0043.jpg",
      "sharpness": 44.98086175356054,
      "transform_matrix": [
        [
          -0.9520195965800147,
          0.21358578813728607,
          -0.21917983232351765,
          -0.5844967182006621
        ],
        [
          -0.3030678397928656,
          -0.558453645245154,
          0.7721913044031193,
          3.744345035723328
        ],
        [
          0.04252731201840916,
          0.8015676124089045,
          0.5963897974761544,
          2.1945364916531007
        ],
        [
          0.0,
          0.0,
          0.0,
          1.0
        ]
      ]
    },
    {
      "file_path": "./images/0047.jpg",
      "sharpness": 24.67300755124609,
      "transform_matrix": [
        [
          -0.9874769570068687,
          -0.06854789154657459,
          0.14209308923708697,
          0.6304961732422797
        ],
        [
          0.14955714857445923,
          -0.6934386575162496,
          0.7048230186170453,
          2.783044450176472
        ],
        [
          0.05021870920321163,
          0.7172475269107911,
          0.6950065225955717,
          2.524914681167172
        ],
        [
          0.0,
          0.0,
          0.0,
          1.0
        ]
      ]
    },
    {
      "file_path": "./images/0048.jpg",
      "sharpness": 37.89685703303963,
      "transform_matrix": [
        [
          -0.9695349296503282,
          -0.1829535284513429,
          0.16288040606255538,
          0.8462408436131234
        ],
        [
          0.24486844143301892,
          -0.7064072525957231,
          0.6640995707500736,
          2.501615839012398
        ],
        [
          -0.0064394595634227015,
          0.683752001780501,
          0.7296860513164276,
          2.581901766006214
        ],
        [
          0.0,
          0.0,
          0.0,
          1.0
        ]
      ]
    },
    {
      "file_path": "./images/0049.jpg",
      "sharpness": 65.10789469250125,
      "transform_matrix": [
        [
          -0.9541887325219632,
          -0.21640521684988137,
          0.20662198554909617,
          0.8513849458165637
        ],
        [
          0.2988675284849401,
          -0.722161530821582,
          0.6238276395117796,
          2.334657468300721
        ],
        [
          0.014214893780033678,
          0.6570019068096222,
          0.7537548880819377,
          2.659897145359698
        ],
        [
          0.0,
          0.0,
          0.0,
          1.0
        ]
      ]
    },
    {
      "file_path": "./images/0051.jpg",
      "sharpness": 34.88343147572034,
      "transform_matrix": [
        [
          -0.8783561342209326,
          -0.38180412461263674,
          0.28760408892990863,
          1.3482142432785025
        ],
        [
          0.47708362123330184,
          -0.6628490487755051,
          0.57708089284643,
          1.91931327240344
        ],
        [
          -0.029693768352774604,
          0.6440937424015402,
          0.7643700224264829,
          2.6689522745798557
        ],
        [
          0.0,
          0.0,
          0.0,
          1.0
        ]
      ]
    },
    {
      "file_path": "./images/0050.jpg",
      "sharpness": 51.651184851825654,
      "transform_matrix": [
        [
          -0.9504881350806795,
          -0.22826316610205089,
          0.21087492059485083,
          0.934353837921064
        ],
        [
          0.31050563090692423,
          -0.7250845012483137,
          0.614685870363621,
          2.194133592158499
        ],
        [
          0.012591993697900296,
          0.6497294768441144,
          0.7600612137707441,
          2.6682304110464226
        ],
        [
          0.0,
          0.0,
          0.0,
          1.0
        ]
      ]
    },
    {
      "file_path": "./images/0057.jpg",
      "sharpness": 51.12045952646296,
      "transform_matrix": [
        [
          -0.042022454727242746,
          -0.7359424835512623,
          0.6757386878572681,
          2.4090692397491487
        ],
        [
          0.9984077251695115,
          -0.056405513509884854,
          0.0006575466777327904,
          -0.3403303402003026
        ],
        [
          0.03763147115202345,
          0.6746903578781017,
          0.7371409589958523,
          2.520220007284804
        ],
        [
          0.0,
          0.0,
          0.0,
          1.0
        ]
      ]
    },
    {
      "file_path": "./images/0056.jpg",
      "sharpness": 69.16400414705811,
      "transform_matrix": [
        [
          -0.24497712701380778,
          -0.7101633214252433,
          0.660041107966991,
          2.571913542107862
        ],
        [
          0.9672343679829829,
          -0.22582605706022932,
          0.11601840089096048,
          0.092485041168534
        ],
        [
          0.06666246798668071,
          0.666836298438244,
          0.7422165900269122,
          2.5802247321919096
        ],
        [
          0.0,
          0.0,
          0.0,
          1.0
        ]
      ]
    },
    {
      "file_path": "./images/0055.jpg",
      "sharpness": 74.06892622117199,
      "transform_matrix": [
        [
          -0.4314962182776597,
          -0.6617362471153009,
          0.6131200151110722,
          2.314741304705993
        ],
        [
          0.900320824166037,
          -0.358730230221638,
          0.24644479198843758,
          0.5713460192294747
        ],
        [
          0.05686323240274943,
          0.658344713074729,
          0.750565661105899,
          2.5961543164783594
        ],
        [
          0.0,
          0.0,
          0.0,
          1.0
        ]
      ]
    },
    {
      "file_path": "./images/0053.jpg",
      "sharpness": 68.79989534032983,
      "transform_matrix": [
        [
          -0.7082153959938379,
          -0.5156907520824632,
          0.48217631750002066,
          1.7539011193602398
        ],
        [
          0.7042173690411355,
          -0.5644629583730534,
          0.43065005023293257,
          1.3195358101048769
        ],
        [
          0.0500884223445146,
          0.6445499335842904,
          0.762919742258382,
          2.6184973145946593
        ],
        [
          0.0,
          0.0,
          0.0,
          1.0
        ]
      ]
    },
    {
      "file_path": "./images/0052.jpg",
      "sharpness": 70.80875482001542,
      "transform_matrix": [
        [
          -0.793084730833957,
          -0.45422319695581964,
          0.40582988693445254,
          1.5767000152211108
        ],
        [
          0.6086451666658856,
          -0.6170237015182817,
          0.49883144734373003,
          1.6764468172756608
        ],
        [
          0.023825844268473804,
          0.6426220033193326,
          0.7658128296514845,
          2.667924587305421
        ],
        [
          0.0,
          0.0,
          0.0,
          1.0
        ]
      ]
    },
    {
      "file_path": "./images/0058.jpg",
      "sharpness": 84.99565151489399,
      "transform_matrix": [
        [
          0.18202084258159154,
          -0.7241642628569613,
          0.6651725590632005,
          2.2369983637449407
        ],
        [
          0.9822806385333098,
          0.10320001792850247,
          -0.1564432915220583,
          -0.7278845549096893
        ],
        [
          0.044644820863117905,
          0.6818620657905189,
          0.730117088739921,
          2.531996318641615
        ],
        [
          0.0,
          0.0,
          0.0,
          1.0
        ]
      ]
    },
    {
      "file_path": "./images/0054.jpg",
      "sharpness": 96.80196799140002,
      "transform_matrix": [
        [
          -0.6150659717070561,
          -0.5675439751807088,
          0.5473460393097765,
          1.9919283493480022
        ],
        [
          0.7848267625535051,
          -0.5073820888174468,
          0.355823507833777,
          0.9823015918071754
        ],
        [
          0.07576808863222476,
          0.6484267516299709,
          0.7574971581330816,
          2.627585319139355
        ],
        [
          0.0,
          0.0,
          0.0,
          1.0
        ]
      ]
    },
    {
      "file_path": "./images/0059.jpg",
      "sharpness": 73.78230975971589,
      "transform_matrix": [
        [
          0.43230145903336303,
          -0.6584366125438145,
          0.6160979433851553,
          2.167135047751416
        ],
        [
          0.9010979215533117,
          0.2898823919163587,
          -0.32247594426446397,
          -1.2713669470611926
        ],
        [
          0.03373402288512343,
          0.6945713974663226,
          0.7186324440113576,
          2.4953728204636065
        ],
        [
          0.0,
          0.0,
          0.0,
          1.0
        ]
      ]
    },
    {
      "file_path": "./images/0065.jpg",
      "sharpness": 14.268495852232505,
      "transform_matrix": [
        [
          0.9882288107186739,
          -0.0748520950414326,
          0.13342031928244374,
          0.022812203677117456
        ],
        [
          0.1465874118265871,
          0.7128422846961728,
          -0.685833804826817,
          -2.115389293088978
        ],
        [
          -0.04377154808066571,
          0.6973184645833591,
          0.7154236581172025,
          2.3282121714468507
        ],
        [
          0.0,
          0.0,
          0.0,
          1.0
        ]
      ]
    },
    {
      "file_path": "./images/0060.jpg",
      "sharpness": 57.791851775759305,
      "transform_matrix": [
        [
          0.5943528367900077,
          -0.5792310901807446,
          0.5578853373513794,
          1.9712081534061234
        ],
        [
          0.8041076338915278,
          0.4172724961498484,
          -0.42343190370394745,
          -1.5551849559059128
        ],
        [
          0.012474715917735246,
          0.7002678117542289,
          0.7137712332027588,
          2.4645162988651905
        ],
        [
          0.0,
          0.0,
          0.0,
          1.0
        ]
      ]
    },
    {
      "file_path": "./images/0061.jpg",
      "sharpness": 46.63306181653815,
      "transform_matrix": [
        [
          0.703804091516744,
          -0.5036588649043026,
          0.5009865753007416,
          1.5848331383142564
        ],
        [
          0.7103625951413981,
          0.5056078861371627,
          -0.48963828373605955,
          -1.7740110517551355
        ],
        [
          -0.006692101120709912,
          0.7004915512183114,
          0.7136293173058582,
          2.4203319402584755
        ],
        [
          0.0,
          0.0,
          0.0,
          1.0
        ]
      ]
    },
    {
      "file_path": "./images/0063.jpg",
      "sharpness": 20.582966772628374,
      "transform_matrix": [
        [
          0.9171138661853396,
          -0.2804271805124076,
          0.28330681768077215,
          0.853445521455925
        ],
        [
          0.398575657368261,
          0.6563157913324306,
          -0.6406145700819251,
          -2.1490410061114718
